P   tm  tv  tn  t1  t2  t3  t4  t5  t6  t7  t8  t9  t10 t11 t12 t13 t14 t15 t16 t17 t18 t19 t20 t21 t22
1   0   10  6   0   0   0   0   0   0   0   0   0   0   0   0   0   0   5   0   5   0   0   0   3   3
2   0   16  0   0   0   0   0   0   0   0   0   0   0   0   0   0   0   3   3   3   3   2   2   0   0
3   4   4   0   1   1   1   1   0   0   0   0   0   0   0   0   0   0   1   1   1   1   0   0   0   0
4   11  2   3   0   0   0   0   2   2   2   2   0   0   0   1   1   1   0   0   0   0   2   0   2   1
5   24  0   0   0   0   0   0   0   0   0   0   4   4   4   4   4   4   0   0   0   0   0   0   0   0
6   8   12  0   2   2   2   2   0   0   0   0   0   0   0   0   0   0   2   2   2   2   2   2   0   0
7   0   8   2   0   0   0   0   0   0   0   0   0   0   0   0   0   0   2   0   2   0   2   2   1   1
8   15  0   0   5   5   0   5   0   0   0   0   0   0   0   0   0   0   0   0   0   0   0   0   0   0
9   3   8   0   3   0   0   0   0   0   0   0   0   0   0   0   0   0   3   3   0   0   0   2   0   0
10  16  0   0   0   0   0   0   0   0   0   0   4   4   4   4   0   0   0   0   0   0   0   0   0   0
11  8   8   4   0   0   0   0   2   0   0   0   0   0   0   2   2   2   0   0   0   0   4   4   2   2
12  16  0   0   0   0   0   0   0   0   2   2   2   2   2   2   2   2   0   0   0   0   0   0   0   0
13  21  0   4   0   0   5   0   4   4   4   4   0   0   0   0   0   0   0   0   0   0   0   0   2   2
14  20  0   0   5   5   5   5   0   0   0   0   0   0   0   0   0   0   0   0   0   0   0   0   0   0
15  4   4   4   0   0   0   0   0   0   0   0   2   2   0   0   0   0   0   0   0   0   2   2   2   2
16  12  4   0   0   0   0   0   0   2   2   2   2   2   2   0   0   0   0   0   0   0   2   2   0   0
17  16  0   0   0   0   0   0   0   0   2   2   2   2   2   2   2   2   0   0   0   0   0   0   0   0
18  13  8   4   0   3   3   3   2   2   0   0   0   0   0   0   0   0   0   0   3   3   2   0   2   2
19  16  0   4   3   3   3   3   0   0   2   2   0   0   0   0   0   0   0   0   0   0   0   0   2   2
20  8   8   0   0   0   3   3   0   0   2   0   0   0   0   0   0   0   0   0   3   3   2   0   0   0
21  9   2   1   0   0   0   0   0   0   0   0   2   2   2   1   1   1   0   0   0   0   0   2   0   1
22  0   10  0   0   0   0   0   0   0   0   0   0   0   0   0   0   0   5   5   0   0   0   0   0   0
23  16  0   0   0   0   0   0   2   2   2   2   0   0   2   2   2   2   0   0   0   0   0   0   0   0
24  16  0   0   0   0   0   0   2   2   0   0   2   2   2   2   2   2   0   0   0   0   0   0   0   0
25*  20  0   2   0   0   0   0   2   2   2   2   2   2   2   2   2   2   0   0   0   0   0   0   1   1
26  14  6   2   1   1   1   1   1   1   1   1   1   1   1   1   1   1   1   1   1   1   1   1   1   1
27  12  4   0   2   2   2   2   2   2   0   0   0   0   0   0   0   0   0   2   0   2   0   0   0   0
28  0   10  0   0   0   0   0   0   0   0   0   0   0   0   0   0   0   0   0   5   5   0   0   0   0
29  24  0   0   0   0   0   0   4   4   4   4   0   0   0   0   4   4   0   0   0   0   0   0   0   0
30  16  0   4   0   0   0   0   2   2   0   0   2   2   2   2   2   2   0   0   0   0   0   0   2   2
31  8   8   0   3   3   0   0   0   0   0   2   0   0   0   0   0   0   3   3   0   0   0   2   0   0
32  0   18  0   0   0   0   0   0   0   0   0   0   0   0   0   0   0   0   5   0   5   4   4   0   0
